UniProtID	Seqlen	binding
P15424	664	152,153,154,155,156,157,158,159
P18961	677	350,351,352,353,354,355,356,357,358,373
P32324	842	26,27,28,29,30,31,32,33,158,159,160,161,213,214,215
P16862	959	206,270,271,300,301,302,303,346,347,348,383,390,391,392,447,475,481,482,483,484,658,716,717,718,719,720,754,761,762,763,847,853,854,855,856,935
Q05874	261	64,90,91,92,112,144,171
P00163	385	16,82,96,183,197,202
P06782	633	61,62,63,64,65,66,67,68,69,84
P40150	613	16,17,18,73,205,206,207,271,272,273,274,275,276,277,278,342
P38068	203	108
P32657	1468	401,402,403,404,405,406,407,408
Q03957	528	189,190,191,192,193,194,195,196,197,212
P32347	362	30,31,32,33,34,48,80,81,160,215,338
P53295	368	70,71,72,73,74,75,76,77,116,117,118,119,120,250,251,252,253
P32485	435	29,30,31,32,33,34,35,36,37,52,156,161,205
P47069	682	187,188,189,190,191,192,193,194
Q06683	689	59,60,61,62,63,64,65,66
P00410	251	186,221,223,225,229,232
P32639	2163	521,522,523,524,525,526,527,528,1370,1371,1372,1373,1374,1375,1376,1377
P07285	380	109,119,121,122,142,144,146,258,259
P17255	1071	257,258,259,260,261,262,263,264
P20095	876	246,247,248,249,250,251,252,253
P25502	979	34,37,44,50,53,60
P40344	310	1,2,3,4,5,6,7
P32381	391	159,160,161,213,214,215,216,217,304,305,306,307,308,309
Q05533	292	75,94,96,97,98,99,231
P12709	554	168,169,218,219,220,221,222,223,363,367,398,520
P40327	437	223,224,225,226,227,228,229,230
P53720	384	12,13,14,88,160,188,222,223,224,249,250
P26364	225	24,25,26,27,28,29,46,51,72,73,74,103,104,105,106,110,145,154,155,178,189,218
P08566	1588	43,44,45,78,79,80,81,109,110,111,114,125,134,135,141,147,156,157,174,175,176,177,185,189,190,191,192,258,272,273,274,275,276,279,295,364,895,896,897,898,899,900,901,902
P25333	603	322,323,324,325,326,327,328,329,330,353
Q12753	694	11,14,23,25
P53111	347	40,169
Q12039	706	29,30,31,32,33,34,275
P00546	298	14,15,16,17,18,19,20,21,22,40
Q08985	325	239,306,307
P53615	221	57,59,112,115
P36053	145	25,28,49,52
P40851	1208	68,72,156
P38692	1080	29,30,31,32,33,34,35,36,37,52
P25454	400	185,186,187,188,189,190,191,192
P54784	914	435,479,480,481,482,483,484,485,486,487,566,567,600,704,726,727,728,729,730,731,732,733
Q12524	340	93,97
Q08920	208	24,49,118,119,120,121,122,129,130,131,132,133,139,140
P08018	668	366,367,368,369,370,371,372,373,374,389
P31373	394	52,104,109,334
Q08409	1394	782,783,784,785,786,787,788,789
P28834	360	109,140,228
P00924	437	160,169,247,296,321,373,374,375,376,397
Q08225	711	460,465,517
P38075	228	20,21,22,23,73,74,75,76,78,88,89,95,96,118,136,140,144,153,154,199,205,206,207,209
P53753	1117	867,942,946,1024
P53091	1017	575,576,577,578,579,580,581,582
P06244	397	93,94,95,96,97,98,99,100,101,116
Q04081	328	81,105,128,175,176,177,201
P35843	434	24,25,26,27,28,29,96,100,109,110,111,112,143,144,335,339,343
P41695	1021	711,712,713,714,715,716,717,718,719,733
P38712	501	125,126,127,128,129,130,131,132
P0CX22	1796	810,811,812,813,814,815,816,817
Q06151	350	171,196,259,260,261,262,263,264,265,266,267,268,269,270
P39708	457	175,176,177,178,179,180,181,182,183,184,185,186,187,188,189,190,191,192,193,194,195,196,197,198,199,200,201,202,203,204
P40433	827	190,191,192,193,194,195,196,197,343
Q12676	427	34,35,36,37,123,153,275,296
Q03677	179	85,87,91,132
P14065	312	112,220,221,222,223,224,225,226,227,228,229,230,231,232,233,234,235,236,237,238,239,240,241,242,243,244,245,246,247,248,249,250,251,252,253,254,255,256,257,258,259,260,261,262,263,264,265,266,267,268,269,270,271,272,273,274
P08518	1224	837,1163,1166,1182,1185
P47122	385	13,14,15,16,17,18,173,174,175,176
P49089	572	49,50,51,52,53,74,75,76,97,233,292,366,367
P06168	395	84,85,86,87,88,89,90,91,92,93,108,109,110,111,112,113,146,147,148,149,150,255,259,291,295,317
Q06703	312	125,126,172,176,213
P12684	1045	716,717,718,719,720,721,722,777,778,779,804,805,806,807,808,809,810,811,812,873,874,875,1015,1016,1020,1021
P40202	249	16,17,20,229,231
Q07500	545	99,100,101,102,103,104,105,106,107,108,109,110,111,112,113,114,115,116,117,118,119,120,121,122,123,124,125,126,127,128,129,260,261,262,263,264,265,266,267,268,269,270,271,272,273,274,275,276,277,278,279,280,281,282,283,284,285,286,287,288,289,290,291,292,293,294,295,296
P25340	473	353,357,393,405,406,445,449,450,451,452,453,460
Q08995	1032	11,12,13,14,15,16,17,18
Q12298	539	339,340,341,342,343,344,345,346
P21375	501	37,38,39,40,41,42,43,44,45,46,47,48,49,50,51
P41835	540	43,44,45,46,47,75,76,95,114,143,144,145,146,181,209,210,290,365,415,462
P48526	1002	671
P12689	985	324,362,363,364,365,366,402,403,404,405,406,407,408,414,467,468
P50277	480	126,127,160,270,350,351,352,441
P41808	388	44,45,46,47,48,49,50,51,52,69
P40558	293	25,26,27,28,29,30,31,32,201,204
P39109	1515	663,664,665,666,667,668,669,670,1306,1307,1308,1309,1310,1311,1312,1313
Q07530	308	50,90,117,182,186,222,224
Q06549	142	50,51,52,61,96,99
P38113	351	47,48,49,52,70,71,101,104,107,115,157,184,185,186,205,210,225,272,274,297,299,344
Q07729	489	100,102,103,104,105,231,232,258,259,260,261,348
P36010	153	13,61,89,95,106,116
Q12504	494	264
Q07747	329	105,190,191,192,193,194,195,196,197,198,199,200
Q05902	660	177,488,490,509,512,540,541,562,563
P02992	437	55,56,57,58,59,60,61,62,117,118,119,120,121,172,173,174,175
P50095	523	278,279,280,328,329,330,332,333,335,368,369,370,391,392,415,416,417,418,419,449,508,509,510
Q03262	622	57,61,158,159,168,325,327,329,330,404,428,429,430,442
P19524	1574	164,165,166,167,168,169,170,171
P35172	780	331,338,339,375,384,385,386,505
Q12263	1142	25,26,27,28,29,30,31,32,33,48
P41735	233	63,95,98,147,194,197
P53131	767	116,117,118,119,120,121,122,123
P27825	502	131,159,398
P24309	405	11,13,40,85,179,231,233
P32789	676	389,390,391,392,393,394,395,396,397,430
P53199	349	11,12,13,14,15,16,17,62,63,84,85,86,124,151,155,179,180,181,182
P21965	375	41,42,43,44,45,46,47,48,49,68
P04819	755	417,424,440,472,571,576,590,596
P26637	1090	732
P43561	622	79,81,128,130,418,421,423,496,497,498,502
Q12680	2145	1132,1133,1134,1135,1136,1137,1138,1139,1140,1141,1142,1143,1144,1145,1146,1147,1148,1149,1150,1151,1152,1153,1154,1155,1156,1157,1158,1159,1160,1161,1162,1163,1164,1165,1166,1167,1168,1169,1170,1171,1172,1173,1174,1175,1176,1177,1178,1179,1180,1181,1182,1183,1184,1185,1186,1187,1188,1189,1191,1196,1928,1929,1930,1931,1932,1933,1934,1935,1936,1937,1938,1939,1940,1941,1942
P38787	379	13,14,15,16,17,18,119,228,232,316,328
P38297	855	197,198,199,200,201,202,370,371,372,373,408
Q12452	347	15,38,44,202,206,237
Q12390	233	29,58,72,85,86,133
P38555	223	20,21,22,23,24,25,26,27,68,69,70,71,72,126,127,128,129
Q12184	172	98,104,107,144
P32614	470	6,7,8,9,10,11,12,13,14,15,16,17,18,19,20
Q01802	451	52,155,216,423
P24784	617	198,199,200,201,202,203,204,205
P51402	88	19,22,34,37
P34244	1518	87,88,89,90,91,92,93,94,95,110
Q12494	1050	772,773,774,775,776,777,778,779,780
P38251	354	5,17,43,44,45,46,47,48,49,50,51,231
P07263	546	129,130,131,156,172,176,326,330,331
P05375	206	106,107,108,188,189
P43633	760	474,475,476,477,478,479,480,481,482,510
Q12009	286	103,126,127,161,162,181,259,260,261
Q06554	1556	391,392,393,394,395,396,397,398
P32801	640	94,95,96,97,98,99,100,101,102,117
P48016	1211	513,514,711,712
P15790	372	46,47,48,49,50,51,52,53,54,69
P32528	1835	122,123,124,125,126,127,128,129,747,830,865
Q04638	464	180,183,207,210,290,300,316,319,402,405,420,423,428,431,443,451
Q08685	445	33,72,133,134,135,136,137,138
P32580	737	239,240,241,242,243,244,245,246
Q02883	468	265,267,269,270,332,425
P32794	780	286,287,288,289,290,291,292,293,557,558,559,560,561,562,563,564
Q08491	747	274,275,276,277,278,279,280,281,356,357,358,359,360,427,428,429,430
P53184	216	51,53,94
P53915	240	13,14,15,16,17,18,19,20,21,39,40,41,42,59,60,158,159,162,163,164,165,208,209,210
Q06592	156	93,94,95,96,97,98,99,100,101,102,103,104,105,106
P39988	312	9,44,122,183,184,211,212,213,214,215,216,217,218,219,220,221,222,223,224
P18759	758	281,282,283,284,285,286,287,288,564,565,566,567,568,569,570,571
P47161	811	445,456,522,607
P00899	507	65,280,281,282,316,317,343,431,452,466,467,468,481
P32377	396	19,20,21,22,74,153,154,155,156,157,158,209
P38222	552	334
Q08562	1619	969,970,971,972,973,974,975,976
P40160	425	123
P40959	511	172,174,198,213
P38732	585	280
P07273	309	271,274,299,302
P30771	971	62,65,76,79,84,94,98,104,122,125,148,152,413,433,434,435,436,437,601,638,769
P28239	310	152,157,189
Q03195	608	110,111,112,113,114,115,116,117,385,386,387,388,389,390,391,392
P42884	376	151,236,237,238,239,240,241,242,243,244,245,246
Q10740	671	184,185,186,311,312,313,314,315,316,340,344,363
P32604	452	20,21,22,23,24,25,26,27,28,53,78,106,112,143,144,145,146,147,148,169,173,231,238,244,313,324,325,326,327,331,342,368,369,370,371,372,404
P40992	514	10,15,29,33
P09950	548	91,204,223,256,284,334,366,367,452
Q12152	901	47,48,49,50,51,52,53,54,55,70
P38797	343	109,110,265
Q00246	291	79,80,81,82,83,84,85,86,127,128,129,130,131,185,186,187,188
Q05779	260	189,190,191,192
P36156	370	15,79,155,158,173,174
P32939	208	17,18,19,20,21,22,23,33,34,35,36,37,38,39,40,67,126,127,128,129,158,159,160
P11484	613	16,17,18,73,205,206,207,271,272,273,274,275,276,277,278,342
P47037	1230	32,33,34,35,36,37,38,39
P11325	894	649
P32473	366	95,196,197,199,201
P32609	515	78,81,94,97,102,105,129,132,221,224,237,240,245,252,289,292
P40580	263	7,86,157,161,190,192
P36003	928	455,456,457,458,459,460,461,462,463,478
P04807	486	86,87,88,89,90,91,111,158,175,176,210,211,237,269,302,307,308,344,345,346,347,348,419,420,421,422,423
Q04487	196	91,95,154
P38991	367	110,111,112,113,114,115,116,117,118,133
P37263	153	6,9,21,25,32,35,48,51
P20448	770	85,86,87,88,89,90,91,92
P36060	302	158,159,160,161,162,163,164,165,166,167,168,169,170,171,172,173,174,175,176,177,178,179,180,181,182,183,184,185,186,187,188,189,190,191,192,193
P38319	544	184,434
P32861	499	109,110,111,112,123,186,215,216,244,245,246,388
P30624	700	269,270,271,272,273,274,275,276,277,278,279,280
P08536	511	195,196,197,198,289,290,291,292,293,331
P50874	479	37,38,39,40,41,42,43,44
P41816	400	38,115,192,195,244,349,376
P39986	1215	487,488,489,582,634,699,816,817,818,819,820
P48015	400	221,250,397
P53141	149	15,94,98,100,105,123,127,132
P53978	1044	463,464,465,466,467,468,469,470,701,702,703,704,705,706,707,708
Q05911	482	14,15,82,83,84,108,109,238,300,326,331,335
Q03702	353	293,294
P04050	1733	67,70,77,80,107,110,148,167,481,483,485
P28817	500	124,149,172,180
P47057	423	78,80,104,123
Q12383	476	75,81,91,95
Q00245	231	23,24,25,26,27,28,29,30,70,71,72,73,74,128,129,130,131
P24583	1151	830,831,832,833,834,835,836,837,838,853
P36136	271	12,24,25,69,99,100,101,102,181,244
P53823	222	58,59,60,120,151,152
P13298	226	30,38,39,76,77,106,107,110,112,132,133,134,135,136,137,138,139,140,164
Q08826	162	81,83,112,127
P39875	702	30,78,150,152,171,173,227
Q12326	303	13,14,15,16,17,18,19,20,26,27,70,120,121,122,123,131,147,148,236,237
P26188	188	120,121,134,157
P38289	585	141,549,552,558
Q07478	446	106,107,108,109,110,111,112,113
P32317	509	126,127,128,129,130,131,132,133
P40991	618	353,354,355,356,357,358,359,377,404,421
Q02890	363	129,132,165,168,238
P17695	143	58,59,60,61,62,63,109,122,123
P17157	305	13,14,15,16,17,18,19,20,21,36
Q08444	459	304,307,323,326
Q99344	299	12,13,14,15,16,17,18,19,20,21,22,23,24,25,26,27,28,29,30,31,32,33,34,35,36,37
P25373	110	24,25,26,27,28,29,63,75,88,89
Q01163	450	125
Q12074	293	44,74,75,99,119,150,151,168,169,170,171,236
P53965	281	189,190,193
Q08960	810	211,212,213,214,215,304,305,306,307,308,309,310,311,312,313,314,315,316,317,318,319,320,321,322,323,324,325,326,327,328,329,330,331,332,333,334,335,336,337,479,483,486
P37898	856	132,264,265,266,267,268,300,304,323
P16140	517	381
P36013	669	330,331,354,499
P18239	318	96,108,252
P14284	1504	1398,1401,1414,1417,1446,1449,1468,1473
Q01939	405	189,190,191,192,193,194,195,196
P38929	1173	398,403,445,447,643,762,763,764,816,822,841,844,907,937,941
P06839	778	42,43,44,45,46,47,48,49,115,133,156,191
P32944	819	450,451,452,453,454,455,456,457,458,473,584,597
P38080	1108	41,42,43,44,45,46,47,48,49,70
P39522	585	70,102,143,144,221,474
P0CX11	437	160,169,247,296,321,373,374,375,376,397
P32364	656	114,115,116,117,118,119,120,121
P00359	332	11,12,33,120,149,150,151,180,209,210,232,314,318
Q06608	200	60,68,125
P09119	513	108,109,110,111,112,113,114,115
Q12122	440	45,46,105,165,199,226,228
P25808	606	51,52,53,54,55,56,57,58
P22108	325	53,92,93,148,154,155,156,157,163,277,278,279,284,288
P28737	362	133,134,135,136,137,138,139,140
Q12358	412	218,220,245,352,367,379,383
Q03433	280	244,247,256,259,264,268,272,277
P15303	768	56,61,80,83
P47047	1073	171,172,173,174,175,176,177,178
P29295	494	15,16,17,18,19,20,21,22,23,38
P15179	658	198,248,249,250,553,560,604,605,606,607
P33310	695	467,468,469,470,471,472,473,474
P06704	161	33,35,37,44,142,144,146,148,153
P15454	187	9,10,11,12,13,14,15,16,35,39,40,41,42,51,70,79,80,81,101
P39002	694	269,270,271,272,273,274,275,276,277,278,279,280
P14904	514	132,210,303,339,340,385,388,479
P40339	323	12,24,49,50,51,52,53,54,55,56,57,145,203
P04397	699	13,14,15,16,17,18,19,20,21,22,23,24,25,26,27,28,29,30,31,32,33,34,35,36,37,38,39,40,41,42,43,44
P0CX21	1796	810,811,812,813,814,815,816,817
P32644	1121	670,671,672,673,674,675,676,677
Q01852	431	101,102,103,104,105,106,107,108
P07250	355	31,118,119,120,127,128,129,130,131,132,133,134,135,271,274,325,334
P38821	490	97,173,273,308,309,362,365,390,397,456
P53037	1138	571,574,577
Q12675	1612	712,713,714,846,887,889,892,916,952,953,1032,1033,1034,1147,1153,1173,1176,1177,1436
P38772	366	5,8,17,20,25,29,33,39
Q06199	204	65,66,127
P29509	319	11,12,13,14,40,41,45,54,87,145,288,295,296,297
P08964	1928	180,181,182,183,184,185,186,187
Q99287	776	44,45,46,47,48,49,50,51
P42222	437	160,169,247,296,321,373,374,375,376,397
Q04049	632	30,155,552,553,568,572
P53549	437	222,223,224,225,226,227,228,229
P21524	888	5,6,11,12,13,14,15,16,17,53,57,202,217,226,227,228,243,256,263,264,426,430,608,609,610,611
P39706	426	236,266
Q04740	348	193,235,264,338
P40495	371	96,97,98,114,124,143,150,206,208,243,267,271,300,301,302,303,304,312
Q05791	360	124,127,129,131,187,189,190,197,199,213,252,266,268
P53378	473	143,144,145,146,147,148,149
P32568	1501	889,890,891,892,893,894,895,896
P43610	853	247,248,249,250,251,252,253,254
P00045	113	24,27,28,90
Q07844	837	246,247,248,249,250,251,252,253,574,575,576,577,578,579,580,581
P36086	256	18,37,46,66,164,168,197,199
P40015	477	100
P22219	1454	33,34,35,36,37,38,39,40,41,54
P32771	386	49,50,71,72,101,104,107,115,179,204,205,206,207,208,209,228,300,301,302,325,326,327
P54861	757	35,36,37,38,39,40,41,42,175,176,177,178,179,244,245,246,247
Q03558	400	38,115,192,195,244,349,376
P48525	536	48,49,50,58,84,235,236,237,238,239,253,256,291,292,293,294,295
P40889	1758	681,682,683,684,685,686,687,688
P38430	313	8,10,126,180,207,262
P35187	1447	714,715,716,717,718,719,720,721
P35497	357	43,49,68,69,154,202,207,275,276,277,299,300,301,302
P38629	340	16,17,18,19,20,28,53,54,55,56,57,58,59,60,61,148,206
P00812	333	123,146,148,149,150,151,152,159,160,161,205,256,258,270,301
P54113	591	35,36,37,38,65,66,67,68,102,103,126,127,206,207,267,315,338,430,450,451,540,545,564,565,587
Q12378	196	75,80,99,103
P14681	368	19,20,21,22,23,24,25,26,27,42
Q03103	563	187,189,200,228,231,260
P07286	448	58,59,60,70,156,210,211,212,213,214,215,216,217,218,223,287,336,337,338
P22438	575	344
P00937	484	64,65,66,96,142,143
P38066	345	143,144,145,146,147,148,159,161,164,197,198,199,219,254,259
P33330	395	80,81,113,170,194,217,271,272
P43589	448	60,63,79,85
P53049	1477	621,622,623,624,625,626,627,628,1247,1248,1249,1250,1251,1252,1253,1254
Q08726	347	12,13,14,15,16,17,175,176,177,178
P53233	369	8,9,10,11,12,13,14,15,16,31
Q12471	397	103,104,105,106,107,108,109,110,269
P01119	309	20,21,22,23,24,25,36,37,38,39,40,41,42,66,67,123,124,125,126,153,154,155
P19358	384	12,18,46,59,102,168,169,170,236,237,238,239,247,253,254,270,274,278
P16861	987	215,278,279,308,309,310,311,354,355,356,391,398,399,400,455,482,488,489,490,491,665,722,723,724,725,726,760,767,768,769,827,853,859,860,861,862,952
P32327	1180	137,221,256,566,567,568,569,570,639,735,765,767,899
P11412	505	18,19,20,21,22,23,24,25,52,157,187,188,189,190,191,225,244,340,343,349,353,375,377,383,384,385,470
P22146	559	92,119,120,121,122,123,124,125,126,127,160,161,202,207,294
Q06390	306	161,162,163,207,231
P25846	959	771,772,773,774,775,776,777,778
P06781	192	14,15,16,17,18,19,20,21,61,62,63,64,65,119,120,121,122
P38691	1029	27,28,29,30,31,32,33,34,35,47
P22204	572	183,184,185,186,187,188,189,190,191,206
Q01919	800	52,53,54,55,56,57,58,59,60,80
P17119	729	386,388,392,454,477,478,479,480,481,482,554,579,694
P37298	181	109,120
P36033	711	316,330,386,400,479,480,481,482,483,484,485,526,527,528,529,677,678
P23833	295	148,152,239
P22209	435	31,32,33,34,35,36,37,38,39,54
Q04958	1679	803,804,805,806,807,808,809,810,811,812,813,814,815,816,817,818,819,820,821,822,823,824,825,826,827,828,829,830,831,832,833,834,835,836,837,838,839,840,841,842,843,844,845,846,847,848,849,850,851,852,853,854,855,856,857,858,859,860,861,862,863,864,865,866,867,868,869,870,871,872,873,874,875,876,877,878,879,880,881,882,883,884,885,886,887,888,889,890,891,892,893,894,895,896,897,898,899,900,901,902,903,904,905,906,907,908,909,910,911,912,913,914,915,916,917,918,919,920,921,922,923,924,925,926,927,928,929,930,931,932,933,934,935,936,937,938,939,940,941,942,943,944,945,946,947,948,949,950,951,952,953,954,955,956,957,958,959,960,961,962,963,964,965,966,967,968,969,970,971,972,973,974,975,976,977,978,979,980,981,982,983,984,985,986,987,988,989,990,991,992,993,994,995,996,997,998,999,1000,1001,1002,1003,1004,1005,1006,1007,1008,1009,1010,1011,1012,1013,1014,1015,1016,1017,1018,1019,1020,1021,1022,1023,1024,1025,1026,1027,1028,1029,1030,1031,1032,1033,1034,1035,1036,1037,1038,1039,1040,1041,1042,1043,1044,1045,1046,1047,1048,1049,1050,1051,1052,1053,1054,1055,1056,1057,1058,1059,1060,1061,1062,1063,1064,1065,1066,1067,1068,1069,1070,1071,1072,1073,1074
P14772	1559	672,673,674,675,676,677,678,679,1336,1337,1338,1339,1340,1341,1342,1343
P25491	409	116,135,136,137,143,146,159,162,185,188,201,204,215,216,247,248,249
P38347	419	222,261,262,263,290,318,340
P06115	562	351
P38622	512	127,128,129,130,131,132,133,134,135,152
Q07821	250	178,242,244
P04076	463	27,115,161,291,323,328,331
P53167	370	111
Q12746	312	153,154,155,156,157,158,159,160,161,162,163,164,165,166,167,168,179,180,181,182,183,184,185,186,187,188,189,190,191,192,193,194,195,196,197,198,199,200,201,202,203,204,205,206,207,208,209,210,211
Q12084	232	17,18,19,20,21,22,23,24
P22516	861	42,43,44,45,46,47,48,49,280,298,308,350
P00729	532	452,509
Q03085	281	39,60,67,152,197
P53104	897	30,31,32,33,34,35,36,37,38,54
P43616	481	102,137,172,200,450
P32829	692	16,18,56,124,213,241,243
P38145	238	4,5,6,54,55,56,68,69,70,71,72,73,107,108,109,143,152,153,154,170,171,172,173,174,175
P33760	1030	772,773,774,775,776,777,778,779
Q02733	499	47,48,49,50,51,52,53,54,55,56
P25348	183	104,107,117,120
P39966	464	62,63,234,283
P38126	564	314,315,316,317,318,319,320,321
Q04409	500	110,487,488,489,490,491,492
P00724	532	39,40,41,42,60,102,103,170,171,223,311
P22133	377	20,21,22,23,24,25,26,57,106,112,119,144,145,146,185,266
P24719	497	168,169,170,171,172,173,174,175,176,199
P08425	469	126,127,128,129,155,162,163,164,169,170,171,302,329
Q06137	509	90,91,92,93,94,95,96,97,98,212,213,214,215,216,217,237,298,415,416,417,418,433,460,461,462,463,464
Q04089	582	372,373,374,375,395,396,397,398,399,400,401,402,403,404,422,459,460
P38827	1080	1054
P38774	246	83,92,146,147,148,149,183
P32642	244	163,171,200,212,225,226
Q03942	479	324
P32490	508	227,228,229,230,231,232,233,234,235,250
P38207	520	59,222,224,353,476,478,500,514
Q04728	441	177,204,215,301,436,441
P31539	908	212,213,214,215,216,217,218,219,614,615,616,617,618,619,620,621
P53756	1333	765,766,767,768,769,770,771,772
P00942	248	10,12
P53246	860	105,108,126,131
P39009	513	206,207,208,209,210,211,212,213,214,229
P28272	314	46,47,70,71,72,73,74,130,167,195,196,197,224,252,253,274,275
P38070	525	134,135,136,137,138,139,140,141,142,157
Q04235	462	257,264,305,306
P15625	503	333,374,375,376,414,416,440
Q08220	491	128,146,148,150,151,152,153,228,229,230,234,285,286,287,288,324,382,383,384,385,386,387,388,389,390,391,393,415,416,417,418,442,467,469,475,478,479
P45818	564	166,167,168,169,170,171,172,173
P32573	292	36,85,145,180,209
P47137	282	115
Q12099	399	67,68,69,70,71,72,73,74
P38697	523	278,279,280,328,329,330,332,333,335,368,369,370,391,392,415,416,417,418,419,449,508,509,510
Q12052	315	126
P36056	628	373,379,400,513
P32839	456	267,268,269,270,271,272,273,274
P42942	411	11,12,13,14,15,16,17,18,83,84,85,86,87
P15700	204	26,27,28,29,30,31,52,74,75,76,104,105,106,107,111,142,148,159,187
P20604	311	53,55,82,114,164,238
P54781	538	476
P47154	453	297,301,390
Q12094	313	62,110,133,148
P24384	1145	506,507,508,509,510,511,512,513
P40892	196	84,141,159,164,165,179,182
Q12246	624	234,235,236,266,291,292,293,294,298,324,325,326,392,398,589,590,591
P12904	322	42,146,166,167,168,169,195,200,221,222,291,292,293,309,310,311,312
P25336	1018	791,792,793,794,795,796,797,798
P47159	448	386,387,388,389,390,391,392,393
P38961	392	156,207,242,254,271
P38632	267	200,202,221,226
P27472	705	20
P36163	345	203,207,257
P38859	1522	519,768,771,777,1074,1075,1076,1077,1078,1079,1080,1081
P43544	222	58,59,60,120,151,152
P41338	398	186,231,248,249,251,252,350
P53746	719	309,323,379,393,472,473,474,475,476,477,478,519,520,521,522,685,686
P40483	696	318,322,328
P54115	500	249,250,251,252,253,254
P40341	825	350,351,392,393,394,395,396,531,613,617,689
P07246	375	71,72,73,76,94,95,125,128,131,139,181,208,209,210,229,234,249,296,321,323,368
Q07657	551	30,31,32,33,34,35,36,37,138,218,219,220,221,222,223,224,225,226,288
P32190	709	56,60,201,258,386,408,463,584,585,586,587,588
P06787	147	21,23,25,27,32,57,59,61,63,68,94,96,98,105
Q12310	699	367,368,369,370,371,372,373,374,375,390
P53238	335	170,176,181,237,239,241,243,248
P49956	741	183,184,185,186,187,188,189,190
P15442	1659	605,606,607,608,609,610,611,612,613,628
P53290	341	23,24,43,124,127
P33122	291	185,189,193
P53599	1579	1272,1273,1274,1275,1276,1277,1278,1279,1280,1295
P38274	827	345,354,355,414,441,442
Q05871	280	68,69,70,71,72,126
P32476	496	28,29,48,49,56,158,335,348
Q08773	1120	209,210,211,212,213,214,215,216
Q02336	434	7,10,22,25,31,34,44,48
Q05016	267	18,75,102,168,172,201
P25296	175	34,36,38,40,45,66,68,70,72,77,103,105,107,114,144,146,148,150,155
P15315	225	11,14,23,25
P47051	409	188,193,194,195,196,249
P40312	120	37,61
P40478	281	11,19
Q05506	607	148,149,150,151,152,153,162,347,351,375
P05986	398	94,95,96,97,98,99,100,101,102,117
P28742	1111	141,142,143,144,145,146,147,148
P51996	222	20,21,22,23,24,25,26,27,68,69,70,71,72,126,127,128,129
P15938	1071	373,374,375,376,377,378,379,380
P40106	250	18,20,179
P32601	143	6,11,104,107
P38244	976	156,168,201,226,300
P50947	330	283,285,296,301,307,310,323,326
P40416	690	280,281,282,283,284,343,344,345,346,393,445,469,470,471,472,473,474,475,476,477,478,479,480
Q05568	337	286,289,301,303,306,309,320,323
Q12320	285	69,71,73,74,131,154,198
P08466	329	170
P07276	1031	30,77,792,794,813,815,864
P40165	246	69,70,71,72,73,138,142,143,144,145,146,147,148,173,176
P39925	761	290,291,332,333,334,335,336,472,558,562,634
P46367	519	268,269,270,271,272,273
P43132	505	318
P39676	399	85,189,207,208,209,210,281,282,283,284,285,286,389,390,391,392
P20967	1014	306,406,439,441
P53688	370	100,101,102,103,104,105,106,107,108,109,110,111,112,113,114,115,116,117,118,119,184,185,186,187,221,224,251,254,310,311,312,340,341,342,363
Q06236	168	101,112
Q05979	453	111,112,139,140,141,142,196,226,229,251,286,314
Q07794	436	88,89,90,97,98,99,100,101,192,196,211,212,213,221
P36005	433	29,30,31,32,33,34,35,36,37,55
P27895	1000	128,129,130,131,132,133,134,135
P32791	686	294,308,364,378,462,463,464,465,466,467,468,514,515,516,517,652,653
Q12511	572	197,198,424,480
P23542	418	38,135,188,387
P53685	503	208,209,210,211,212,213,214,215,216,217,218,219,220,221,222,223,224,225,226,227,290,291,292,293,318,321,342,345,412,413,414,437,438,439,454
P31380	1131	597,598,599,600,601,602,603,604
P39928	1220	1094,1095,1144,1195
P37012	569	24,119,290,292,294,295,359,378,380,391
P47169	1442	1300,1306,1345,1349
Q07528	640	192,194,218,267
P09733	447	11,72,141,145,146,180,207,229
Q03834	1242	982,983,984,985,986,987,988,989
P10964	1664	62,65,72,75,102,105,233,236,627,629,631
P38237	781	171,173,192,195,204,207,212,224,228,235,253,256
P39524	1355	560,561,562,655,698,700,703,721,755,756,835,836,837,928,934,954,957,958,1149,1219,1223,1224,1235,1236
P04173	364	79,80,81,82,83,84,85,86,87,88,89,90,97,107,136,225,250,254,289,290,291,292,293,294,295,296,297,298,299,300
Q12181	623	13,14,15,16,17,18,60,61,62,63,106,107,108,109,110,111,112,113,114,115,142,383,413,414,415,416,445,446,447,448,538,539,623
Q06417	326	120,148,214,218,252
P43569	289	41,42,43,44,45,46,47,48
P38086	958	380,381,382,383,384,385,386,387
P19414	778	95,188,189,190,382,445,448,471,476,604,667,668
P25582	841	58,60,78,94,119
P27680	312	68,130,153,196
P36143	616	10,11,12,13,14,15,16,95,120,121,122,158,159,160,185,186,187,188,189,247,248,249,250,251,252,253
P13587	1091	369,371,483,561,606,673,674,675,732,738,757,760
P11353	328	117,133,134,135,285,286,287,288,289,290
P53215	237	29,30,32,33,34,44,47,77
P11491	566	75,174,176,325,330,334,373,374,484
P00331	348	44,45,46,49,67,68,98,101,104,112,154,181,182,183,202,207,222,269,294,296,341
P39730	1002	415,416,417,418,419,420,431,437,438,439,530,531,532,533,599,600
P10659	382	10,16,44,57,100,166,167,168,234,235,236,237,245,251,252,268,272,276
P0CX79	362	89,122,123
Q08273	121	55,58,66,69,81,88,90,93,95,107,110
P36120	742	191,192,193,194,195,196,197,198
P25375	712	501,505,508
Q08908	694	310,324,380,394,473,474,475,476,477,478,479,520,521,522,523,660,661
P48570	428	31,32,91,151,185,212,214
P36018	234	10,11,12,13,14,15,16,17,66,67,68,69,70,111,112,113,114
P26570	692	419,421,447,479,528,603
P04046	510	373,374
P29469	868	543,544,545,546,547,548,549,550
Q99321	188	32,52,53,63,80,84,100,102,129,152,171,173
P23594	369	117,119,145,177,227,301
P52917	437	173,174,175,176,177,178,179,180
P40550	1411	782,783,784,785,786,787,788,789
P53191	635	458,461,474,477,482,485,519,522
P38987	245	27,28,29,30,31,32,33,34,75,76,77,78,79,132,133,134,135
P40086	486	169,245,368,431
Q04439	1219	129,130,131,132,133,134,135,136
P38116	183	25,26,27,28,29,30,31,32,68,69,70,71,72,127,128,129,130
P14540	359	63,111,145,175,227,228,265,266,267,268,287,288,289,290
P25378	209	28,29,30,31,42,45,48,132,172
P41057	56	21,24,39,42
Q08905	711	316,330,386,400,479,480,481,482,483,484,485,526,527,528,529,677,678
P43122	407	145,149,170,171,172,173,174,203,217,221,328,329,360,361
Q12208	290	133,134,135,223,224,225,226,227,228,229,230,231,232,233
P32598	312	63,65,91,123,172,247
P53630	237	22,23,24,25,26,27,117,118,119,120,184,185,213,214,215,220
P47042	667	179,180,181,182,183,184,185,186,187,205
Q12396	444	177
P33315	681	30,69,116,117,118,157,158,187,189,263,359,386,418,445,469,477,528
P28241	369	119,129,150,237,263,267
P43567	385	354
Q03148	297	23,152,164,214,235,236
P0CX14	1859	874,875,876,877,878,879,880,881
P05373	342	133,135,143,220,232,290,329
Q12149	733	238,240,241,296,299,342,345,365
Q02908	557	108,118,121,173,485,486,487,488,508,509,510,541
Q12333	620	197,211,271,285,369,370,371,372,373,374,375,411,412,413,414,578,579
P34221	468	62,63,234,284
P32361	1115	680,681,682,683,684,685,686,687,688,702
P32468	407	41,42,43,44,45,46,47,48,75,101,180,181,182,183,184,185,186,187,188,247,263
P53893	1110	26,27,28,29,30,31,32,33,102,103,104,105,106,156,157,158,159
P25039	761	77,78,79,80,81,82,83,84,148,149,150,151,152,202,203,204,205
P32178	256	75,76,138,139,141,142,145
P0CX77	362	89,122,123
P23179	398	233,288
P39955	897	645,646,647,648,649,650,651,652
P49017	307	122,148,179,180,197
P23293	657	66,67,68,69,70,71,72,73,74,89
P33753	639	461,496,517,564
Q04182	1529	920,921,922,923,924,925,926,927
P38115	344	131,241,242,243,244,245,246,247,248,249,250,251,252,253,254,255,256,257,258,259,260,261,262,263,264,265,266,267,268,269,270,271,272,273,274,275,276,277,278,279,280,281,282,283,284,285,286,287,288,289,290,291,292,293,294,295
P19097	1887	1772,1773,1774,1798,1808,1817,1818,1819,1820,1821,1822,1823,1824,1825,1826,1827,1841,1842,1843,1844,1871,1872,1873
P13663	365	13,14,15,16,40,41,112,184,187,188,211,214,249,343,344
P53960	456	125,129,240,244
P06634	604	186,187,188,189,190,191,192,193
Q08965	1183	76,77,78,79,80,81,82,83
P47177	404	41,42,43,224,270,271,272,293,294
P53323	261	22,23,24,25,26,27,28,29,30,43
Q08422	150	85,90,101,104,109,112,118,120
P46959	383	94,121,122,123,124,139,144,168,169,203
Q01662	387	22,27,37,40,50,54,62,66,202,219,230,294,301,327,358
P38989	1170	32,33,34,35,36,37,38,39
P40530	394	267,268,269,270,271,272,273,274,304,323,324,347,348,349,350,351,352
Q12265	496	242,244,253,257
P00560	416	24,25,26,39,63,64,65,66,122,169,218,311,335,342,371,372,373,374
P50861	169	27,61,62,63,90,91,92,95,96,123,137
P47119	197	10,11,12,13,14,15,45,58,76,77,93,151,152,153,154,175,180,181
Q08968	688	132,133,134,135,156,168,169,220,227,339,348
P36078	116	17,19,40,43,68,71,89,92
P02994	458	21,22,153,154,156,192,193,194
P00445	154	43,47,49,64,72,81,84,121,144
P11154	1178	136,220,255,565,566,567,568,569,638,734,764,766,898
P40105	1681	696,697,698,699,700,701,702,703
P33401	570	24,120,291,293,295,296,360,379,381,392
P40994	183	24,25,26,27,28,29,30,31,67,68,69,70,71,126,127,128,129
P53848	824	511,558,596,615,715,767,802,803,804
P27636	974	31,32,33,34,35,36,37,38,39,54
P07275	575	297,298,299,300,301,302
P43577	159	28,86,87,88,89,98,99,100,101,102,108,109,110,111,112,113,129,130,134,143,144,145,158
Q12386	881	502,503,504,505
P16892	353	19,20,21,22,23,24,25,26,27,42
P53206	393	230,231,232,233,234,338
P47052	634	53,54,55,56,57,58,76,77,78,79,80,81,82,83,84,85,86,87,88,89,90,91,260,281,293,392,427,438,443,444
P09938	399	145,176,179,239,273,276
P38791	387	108,109,110,111,112,134,135,136,139,140,257,262,304,309,329,330,335,336,337,344,345,346,347,348,349,350,363,364
Q12154	354	26,27,28,29,30,31,32,33,245,272,285,288,315,316,317,318,319,320,321,322
P42844	174	75,78,100,103
P07278	416	184,185,186,187,188,189,190,191,192,193,194,195,196,197,198,199,200,201,202,203,204,205,206,207,208,209,210,211,212,213,214,215,216,217,218,219,220,221,222,223,224,225,226,227,228,229,230,231,232,233,234,235,236,237,238,239,240,241,242,243,244,245,246,247,248,249,250,251,252,253,254,255,256,257,258,259,260,261,262,263,264,265,266,267,268,269,270,271,272,273,274,275,276,277,278,279,280,281,282,283,284,285,286,287,288,289,290,291,292,293,294,295,296,297,298,299,300,301,302,303,304,305,306,307,308,309,310,311,312,313,314,315,316,317,318,319,320,321,322,323,324,325,326,327,328,329,330,331,332,333,334,335,336,337,338,339,340,341,342,343,344,345,346,347,348,349,350,351,352,353,354,355,356,357,358,359,360,361,362,363,364,365,366,367,368,369,370,371,372,373,374,375,376,377,378,379,380,381,382,383,384,385,386,387,388,389,390,391,392,393,394,395,396,397,398,399,400,401,402,403,404,405,406,407,408,409,410,411,412,413,414,415,416
Q00582	310	15,18,19,20,21,35,41,64,126,129,166
Q12216	726	354,356,377,380
P14747	604	144,146,172,204,253,359
P12954	1174	38,39,40,41,42,43,314
P53144	215	61,89,90,93,98,99,159
P25615	582	367,369,502
P53686	357	32,33,34,35,36,37,38,39,40,41,42,43,44,45,46,47,48,49,50,51,52,115,116,117,118,143,146,170,173,223,224,225,248,249,250,270
P38999	446	10,11,12,13,33,34,35,54,55,75,97,98,99,124,125,126,174,223,244,245,246
P20133	325	183,184,185,228,229,230,231,232,233,234,235,236,237,238,239,240,286
P52488	636	28,29,30,31,32,33,52,60,61,62,63,76,121,122,123,124,125,126,162,165,435,438
P33298	428	213,214,215,216,217,218,219,220
P53970	246	51,87,88,89,115,143,169
P14020	267	10,12,14,42,44,95,96,97,99,122,183,212,218
Q08975	551	64
Q08645	548	130,131,132,133,157,234,262,382,396
Q00955	2233	256,257,258,259,260,261,365,379,381,1627,1628,1629,1731,1998,2034,2036
P16387	420	112,138,139,177,185,187,216,217,218,245,247,312
P04802	557	281,325,326,327,333,334,335,478,481,485,528,529,530,531
P36006	1272	129,130,131,132,133,134,135,136
P21147	510	161,166,198,201,202,306,335,338,339,444,470
Q3E840	82	25,27,47,50
Q02785	1511	878,879,880,881,882,883,884,885,972,973,974,975,976,977,978,979
P38342	320	11,14,16,18,19,41,45,89,90,180,184,213
P40510	469	208,209,228,285,286,287,311,347,348,349,350
P39683	429	15,177,229,294,355
Q05924	578	116,117,118,119,120,121,122,123
P03965	1118	150,190,196,197,227,229,234,260,261,262,303,317,319,734,773,775,780,805,806,807,808,848,861,863
Q04370	399	334,337,354,357
P47134	954	208,211,228,237
P35192	417	11,14,23,25
P25390	1331	1040,1041,1042,1043,1044,1045,1046,1047,1048,1063
P42941	309	97,99,106,142,186,187,232,255,258
P32892	752	275,276,277,278,279,280,281,282
Q12051	335	36,39,68,75,79,84,85,169,170,206,213,223,233
P32769	611	174,175,176,177,178,179,180,181,313,314,315,316,352,353,354
P19454	339	56,57,58,59,60,61,62,63,64,79
P07806	1104	706
Q06147	687	276,277,278,308,333,334,335,336,340,366,367,368,434,440,652,653,654
P10614	530	126,314,470
Q06685	1146	197,198,278,351,358,377,378,402,403,404,405,412,413,414,428,430,475,487,488,489,492,493,494,495
P24279	971	409,410,411,412,413,414,415,416
P06784	515	197,198,199,200,201,202,203,204,205,220
P53878	407	114,236,281
P02829	709	33,37,79,84,92,98,99,100,119,120,121,122,123,124,171,380
P07245	946	51,52,53,54,55,98,99,100,169,170,171,194,277,278,279,280,281,384,385,386,387,388,389,390,391
P38063	326	140,142,151,155
P38709	493	105,106,107,108,181,211,240,241,242
P38219	394	30,31,32,33,34,35,55,233
P08458	490	24,25,26,27,28,29,30,31,32,47
P39713	417	39,64,120,123,131,173
P07283	254	19,21,28,130,141,148,186,188,216,228,230,233
P35182	281	58,59,233,272
P38146	199	11,12,13,14,15,16,17,18,65,66,67,68,69,122,123,124,125
P0CE68	1218	686,687,688,689,690,691,692,693
P22211	790	444,445,446,447,448,449,450,451,452,467
P00817	287	79,116,121,153
P32849	1169	532,533,534,535,536,537,538,539
Q05473	314	140,141,142,143,144,145,146,147,173,174,175,176,177,191,192,193,194,253,254,255,256,290,291,292
P23561	717	421,422,423,424,425,426,427,428,429,444
Q03533	586	45,46,47,48,49,50,51,52,53,68
P53164	384	179,182,197,206,256,257,258,272,276,322
P38689	320	131,133,142,146
Q05934	901	87,90,110,115
P38972	1358	345,346,347,348,349,350,351,352,353,354,355,356,424,425,426,719,720,762,766,930,932
Q06218	594	62,63,64,65,66,67,68,69
P13134	814	135,184,227,277,320,350
P36048	1008	140,141,142,143,144,145,146,147,214,215,216,217,218,268,269,270,271
P10862	487	190,193,206,210
P32264	428	56,143,155,175,176,219,220,221,222,223,224,225
Q01389	1478	1181,1182,1183,1184,1185,1186,1187,1188,1189,1204
Q99312	450	144,172,174,180,208,376,384,411
Q12236	1081	189,190,191,208,258,259,260,264,307,321
P38331	238	80,108,109,112,117,118,178
P40010	520	213,214,215,216,287,288,289,290,291,292,293,294,336,337,338,339
P22515	1024	444,470,481,494,544,545
P46969	238	9,34,36,80,156,157,158,159,185,186,187,207,208,209
P47011	380	10,11,12,13,14,15,16,95,120,121,122,158,159,160,185,186,187,188,189,249,250,251,252,253,254,255
P40352	1085	322,323,324,325,326,327,328,329
P06242	306	13,14,15,16,17,18,19,20,21,36
P35845	1188	834,962
P36113	551	179,182,200,203,301,304,309,314,341,344,359,362,367,370,377,384
P13856	272	10,11,12,13,14,15,16,17,57,58,59,60,61,116,117,118,119
P16550	321	54,93,94,145,151,152,153,154,160,273,274,275,280,284
P0CX81	61	15,17,19,22,28,32,34,38,44,46
P38719	431	46,47,48,49,50,51,52,53
P43534	340	115,116,117,118
P07258	411	50,232,234,265,268,306,308,309
Q06698	1435	627,628,629,630,631,632,633,634
Q12464	471	75,76,77,78,79,80,81,82
P00175	591	123,146,177,219,223,275,276,277,278,308,332,334,360,376,429,453,456,489,490,491,492,493,512,513
P33421	198	93,97,156
P32458	415	29,30,31,32,33,34,35,36,92,172,173,174,175,176,177,178,179,180,230,247
P39007	718	47,166,168,404,521
Q12469	655	366,367,368,369,370,371,372,373,374,406
Q03941	241	8,9,10,11,12,13,14,15
Q06385	345	88,97,178,181
P11986	533	74,75,76,77,148,184,185,195,196,198,244,245,246,247,295,296,320,321,323,354,355,356,369,409,410,438,439
P32641	659	109,110,111,112,113,114,115,116
P43591	353	31,32,33,34,35,36,37,38,39
P39517	506	90,91,92,93,94,95,96,97
P38225	669	256,257,258,259,260,261,262,263,264,265,266,267
P34230	853	505,506,507,508,509,510,511,512
P38866	432	13,14,15,16,17,46,47,65,66,117,118,199,200,201,202
P32660	1571	667,668,669,801,842,844,847,871,909,910,989,990,991,1104,1110,1130,1133,1134,1393
P04161	214	12,13,14,105,106,107,108,123,167,197
P38735	1592	702,703,704,705,706,707,708,709,1357,1358,1359,1360,1361,1362,1363,1364
P42883	340	115,116,117,118
Q00055	391	41,42,43,44,45,46,73,129,152,185,310,311,339
P47095	244	89,107,109,192
Q12341	374	220,221,222,227,228,229,230,231,232,233,258,267
P34253	313	8,9,10,11,12,13,14,15
P17505	334	24,25,26,27,28,29,30,50,99,105,112,135,136,137,171,245
Q12697	1472	1187,1191
P51601	243	132,135,203
Q07993	356	44,69,155,179,180,181,182,183,184
Q04217	1267	414,415,416,417,418,419,420,421
Q08822	631	65,66,67,68,69,70,71,72,73,74,75,76,77,78,79,574,600,603,606
P01120	322	20,21,22,23,24,25,36,37,38,39,40,41,42,66,67,123,124,125,126,153,154,155
P39722	662	12,13,14,15,16,17,18,19,62,63,64,116,117,118,119,214,216,218,220,225,343,345,347,354,455,456,457,458,459,460,461,462,491,492,493,494,495,560,561,562,563
P42826	600	79,80,81,82,299,358,505,506,507,508,509
P06773	312	233,260,263
P36132	386	141,145,162,163,164,165,166,194,209,213,315,344
Q08649	445	303,304,305,306,307,312,313,314,315,316,317,318,342
P48562	842	552,553,554,555,556,557,558,559,560,594
P40099	211	4,5,6,7,8,56,151,152,153,154,155,156,157,158,194
P04037	155	111,119,134,137
P30620	661	147,150,165,169
P38998	373	18,77,101,130,131,135,203,204,227,231,251,278,279,280,281,318,319,320,321
P38109	508	418,475
P29952	429	109,111,136,281
P38953	406	43,44,45,46,47,48,49,50
P53687	447	60,61,62,63,64,65,66,67,68,69,70,71,72,73,74,75,76,77,78,79,151,152,153,154,195,198,220,223,282,283,284,312,313,314,333
P53145	640	236,237,238,239,343,344,345,346,347,348,349,350,387,388,389,390
P53397	376	134,139,189,258,260,262,320,324
P53183	348	41,170
Q03002	865	47,48,49,50,51,52,53,54,55,80
P36007	326	80,179,180,181,182,183,304
P38995	1004	13,16,91,94,838,842
P04803	379	42,48,49,50,51,184,196,197,198,235,244,245,246,247,248
Q12003	364	36,37,38,39,40,41,42,43,44,69
Q02201	448	64,65,66,67,68,69,126,127,128,129,157,158,183,351,355,359
Q07527	1436	1365,1366,1367,1389,1409,1410,1411,1412,1413,1414,1415,1416,1417,1418
P33299	467	250,251,252,253,254,255,256,257
P52489	506	51,53,54,55,56,86,87,93,179,244,267,268,300
Q3E7X8	1277	235,236,237,238,239,240,241,242
P40363	299	1,140
P38089	393	83,84,310,359
Q08271	471	88,160,161,203,208,298
P07560	215	27,28,29,30,31,32,33,34,75,76,77,78,79,133,134,135,136
Q03144	224	67,68,69,129,160,161
P06700	562	262,263,264,265,266,267,268,269,270,271,272,273,274,275,276,277,278,279,280,281,344,345,346,347,372,375,396,399,471,472,473,496,497,498,513
P28240	557	106,107,108,179,218,219,254,437,438,439,440,441,471
P50102	471	46,49,60,63,68,73,77,83
Q08702	217	188,191,205,209
P38238	310	25,55,56,57,83,99,124
P47043	880	581,586,599,604,618,623,636,641
Q12455	300	44,99,119,151,152,177
P32179	357	72,142,144,145,147,241,264,267,281,294
P38746	405	26,27,28,29,30,31,231
P25038	676	152,153,154,155,156,157,158,159,200,201,202,203,254,255,256,257
Q03640	1545	1150,1156,1204,1206,1212
P08417	488	124,125,126,154,155,156,157,164,165,166,212,344,349,350,351
P24783	546	157,158,159,160,161,162,163,164
P32469	300	9,85,88,113,114,164,222,247
P34243	683	229,230,231,232,233,234,235,236
P34220	418	185,226,277,327
Q12458	312	112,220,221,222,223,224,225,226,227,228,229,230,231,232,233,234,235,236,237,238,239,240,241,242,243,244,245,246,247,248,249,250,251,252,253,254,255,256,257,258,259,260,261,262,263,264,265,266,267,268,269,270,271,272,273,274
P07264	779	360,421,424
P0CX15	1859	874,875,876,877,878,879,880,881
P05030	918	634,638
Q04458	532	214,215,216,217,218,219
Q06224	779	68,70,72,73,163,184,430
P53632	584	236,238,301,326,431,435
Q03778	218	72,74
P40084	226	73,78,112,116
P36017	210	14,15,16,17,18,19,20,21,62,63,64,65,66,120,121,122,123
Q07786	357	43,49,68,69,154,202,207,275,276,277,299,300,301,302
P32783	436	150,151,154,172,194,223,249,254
Q03012	353	25,27,39,42,47,50,66,69,97,102,113,117
P23292	546	82,83,84,85,86,87,88,89,90,105
P39954	449	58,134,159,160,161,162,189,193,194,223,224,225,226,227,228,246,302,303,304,349
Q3E7Y5	667	388,389,390,391,392,393,394,395
Q06543	272	13,14,15,16,17,18,173,174,175,176
P32597	1359	495,496,497,498,499,500,501,502
Q06053	668	299,300,301,354,426,457,509,510,511,534,535
P23254	680	30,69,116,117,118,157,158,187,189,263,359,386,418,445,469,477,528
Q06098	443	141,142,143,144,145,146,147,148,149,169
P41058	56	21,24,39,42
P25377	361	46,47,51,68,100,103,106,114,164,189,191,192,211,212,216,251,253,256,276,300,302,349
P32875	414	150,155,161,181,185,188,396
P43619	295	107,142,143,144,166,176,206,227,256,257,258
P47125	453	331
Q03532	505	86,87,88,89,90,91,92,93
Q12749	1114	109,110,111,112,113,114,115,116
P38147	527	21,22,23,24,25,26,27,28,29,45
P46655	708	205,206,207,215,241,382,383,384,385,386,400,403,437,438,439,440,441
Q12040	230	36,37,102,103,104,105
P04840	283	11,19
P0CE69	306	67,68,69,70,71,72,73,74
Q04178	221	85,110,111,112,113,114,115,116,117,118,159,188,189,190,191,192,193,194
P23503	491	20,59,62,65,177,231,412,416
P15202	515	355
P12683	1054	720,721,722,723,724,725,726,781,782,783,808,809,810,811,812,813,814,815,816,877,878,879,1019,1020,1024,1025
P53312	427	76,83,84,85,144,236,253,304,361,362,363
P09201	348	27,28,29,30,31,38,39,40,41,42,79,108,122,123,128,130,131,132,133,134,150,222,223,224,225,255,256,257,258,259,260,276,286,287,288,292
P40011	234	100,101,102,103,122,123
P46151	657	18,19,20,21,22,23,49,50,78,108,109,110,129,130,152,171,178,189,286
Q12086	430	30,78,150,152,171,173,227
P39692	1035	684,685,686,687,688,689,690,691,692,693,694,695,814,815,816,817,818,819,820,821,822,823,824
P21372	849	300,301,302,303,304,305,306,307
P40562	993	107,108,109,110,111,112,113,114
Q06063	367	45,46,47,99,169,197,231,232,233,255,256
P38620	318	132,134,143,147
P25576	258	35,36,43,138,140,174,224,225,226,227
P20049	452	14,15,16,17,18,19,20,21,22,23,24,25,26,27,28,29,30,31,32,33,34,35,36,37,38,39,40,41,42,43
Q08732	759	221,222,223,224,225,226,227,228,229,244
P00360	332	11,12,33,120,149,150,151,180,209,210,232,314,318
P07259	2214	64,273,275,303,306,344,346,347,558,598,604,605,635,637,642,668,669,670,711,725,727,1135,1174,1176,1181,1206,1207,1208,1209,1249,1261,1263,1962,1963,1990,2011,2039,2042,2072,2134,2173,2174
Q06389	190	73,75,77,79,84,109,111,113,115,120,157,159,161,163,168
P43535	752	232,233,234,235,236,237,238,239,565,566,567,568,569,570,571,572
P0CX80	61	15,17,19,22,28,32,34,38,44,46
Q06321	1198	749,750,752,1025,1053,1054,1056,1069,1072,1073,1074,1093,1094
P38072	301	154,158,245
Q12175	901	643,644,645,646,647,648,649,650
P35207	1287	351,352,353,354,355,356,357,358
P06243	507	39,40,41,42,43,44,45,46,47,76
P32454	952	228,360,361,362,363,364,396,400,419
P15496	288	89,93,104,123,127,140,205,207
Q03407	766	135,136,137,154,204,205,206,210,253,267
P05694	767	19,126,444,445,446,497,502,525,528,529,574,612,655,657,677,737
P35844	434	24,25,26,27,28,29,96,100,109,110,111,112,143,144,336,340,344
P38715	327	111,219,220,221,222,223,224,225,226,227,228,229,230,231,232,233,234,235,236,237,238,239,240,241,242,243,244,245,246,247,248,249,250,251,252,253,254,255,256,257,258,259,260,261,262,263,264,265,266,267,268,269,270,271,272,273,274,275,276,277,278,279,280,281,282,283,284,285,286
P43538	392	11,12,13,14,15,16,17,18
Q03940	463	79,80,81,82,83,84,85,86
P43590	535	316,327,412,452,493
P33329	710	454,456,482,514,563,638
Q12178	158	51,62,91,94,155
P38205	684	173,174,175,176,177,178,179,202,229,257
P32350	737	319,320,321,322,323,324,325,326,327,343
Q12468	440	164,166,177
P32492	1471	165,166,167,168,169,170,171,172
P31787	87	29,30,31,32,33,51,55,74
Q06135	555	107,134,135,136,137,138,139,140,141,142,175,176,217,222,307
P09624	499	56,57,58,59,60,61,62,63,64,65,74,139,174,175,176,211,212,213,214,215,216,217,218,234,268,305,346,352,353,354,355
P40434	1758	681,682,683,684,685,686,687,688
P32333	1867	1297,1298,1299,1300,1301,1302,1303,1304
P53759	423	35,36,37,92,160,188,223,224,225,247,248
P18898	376	216,217,218,280,281,282,283,286,288,289,290,291,292,341
P40572	265	137,138,139,140,141,142,143,144
P38630	861	299,311,353,354,355,356,357,358,359,360,361,456
P32836	220	21,22,23,24,25,26,27,28,71,125,126,127,128,153,154,155
P36059	337	121,182,183,184,185,186,187,188,218,219,220,221,222,240,241,242,243,244,245,246,247,248,249,250
P38698	397	41,127,148,149,286,381
P16370	318	86,88,92,95
P21672	869	5,6,11,12,13,14,15,16,17,53,57,202,217,226,227,228,243,256,263,264,426,430,608,609,610,611
P38191	138	45,48,101,104
P11792	824	418,419,420,421,422,423,424,425,426,441
Q02046	320	185,186,208,209,274,275,276
P47138	172	113,116,152,155
Q06010	1027	118,122,199
Q02784	150	52,60,92,93,94,95,96,104,117,118
P10081	395	66,67,68,69,70,71,72,73
P16603	691	67,68,69,70,71,72,78,116,117,118,119,152,153,154,155,156,157,158,159,160,161,187,285,439,440,441,442,457,458,459,476,477,478,479,543,610,611,617,618,619,620,621,646,691
Q06204	433	152
P40215	560	114,115,116,117,118,119,120,121,122,123,124,125,126,127,128,129,130,131,132,133,134,135,136,137,138,139,140,141,142,143,144,275,276,277,278,279,280,281,282,283,284,285,286,287,288,289,290,291,292,293,294,295,296,297,298,299,300,301,302,303,304,305,306,307,308,309,310,311
P25453	334	121,122,123,124,125,126,127,128,223,226,229,235,305
P47156	728	427,430,517
P20606	190	30,31,32,33,34,35,36,37,73,74,75,76,132,133,134,135
P43609	557	260,263,283,286
P31374	1356	1102,1103,1104,1105,1106,1107,1108,1109,1110,1125
P16474	682	58,59,60,61,117,247,248,249,313,314,315,316,317,318,319,320,384,385,386,387
Q04371	470	23,110,254,255,292,384,385,386,387,388,423
Q04033	374	177,196,235,262,340
Q05788	311	46,81,101,102,103,134,219,238,261
P38766	723	254,255,256,257,258,259,260,261
Q12168	779	530,607,609,613,691
P53879	331	10,11,12,13,14,15,16,17,87,88,89,90,91,156,157,158,159
P06785	304	30,157,158,206,207,208,209,217,247,248,249
P38705	446	251,252,253,284,285,286,300,307,371,372,373,374,407
P07244	802	141,142,143,144,145,146,147,148,149,150,151,152,153,154,155,156,157,158,159,160,161,162,163,164,165,166,167,168,169,170,171,172,173,174,175,176,177,178,179,180,181,182,183,184,185,186,187,188,189,190,191,192,193,194,195,196,197,198,199,200,201,202,203,298,300
P07807	211	13,20,21,22,23,24,25,26,34,35,36,37,38,39,58,59,60,74,80,81,82,123,124,125,126,127,128,129,130
P21595	489	435
P32340	513	55,56,57,58,59,60,61,62,63,64,65,66,67,68,69,70,71,72,73,74,75,76,77,78,79,80,81,82,83,84,85,229,230,231,232,233,234,235,236,237,238,239,240,241,242,243,244,245,246,247,248,249,250,251,252,253,254,255,256,257,258,259,260,261,262,263,264,265
P53550	970	149,153
Q00578	843	386,387,388,389,390,391,392,393
P38838	269	115,119,125
P00950	247	8,9,10,11,12,13,14,15,21,22,60,87,88,89,90,98,114,115,183,184
P36102	679	325,376,377,378,379,380,381,382,383,430,431
P53086	805	192,193,194,195,196,197,198,199
P40343	622	176,179,192,195,200,203,222,225
P32386	1661	729,730,731,732,733,734,735,736,1415,1416,1417,1418,1419,1420,1421,1422
Q99258	208	27,31,88,145,146,147,148,149
P38218	177	9,10,11,24,25,26,31,32,33,34,35,36,147,148,149,150,151,152,153
P25566	168	79,82,128,131
Q08558	271	62,63,64,65,66,120
P40963	338	209,210,211,216,217,218,219,220,221,222,246,323
P53727	317	16,128,190,191,220,221,222,223,224,225,226,227,228,229,230,231,232,233
P53942	307	39,40,155
P36057	244	45,46,47,48,49,50,51,52,53,66,67,68,69,90,154,155,156,157
P32838	368	50,52,78,110,161,247
P38137	543	196,197,198,199,200,201,202,203,204,205,206,207
Q03099	1374	388,389,390,391,392,393,394,395
P19073	191	10,11,12,13,14,15,16,17,57,58,59,60,61,115,116,117,118
P32835	219	20,21,22,23,24,25,26,27,70,124,125,126,127,152,153,154
P40571	144	90,93,115,117
P38323	520	140,141,142,143,144,145,146,147
P49090	572	49,50,51,52,53,74,75,76,97,233,291,365,366
P38340	232	71,76,123,124,139
P53115	1489	731,732,733,734,735,736,737,738
P38278	337	180,201
P40340	1379	454,455,456,457,458,459,460,461
P40482	926	231,234,253,256
P38893	341	70,239
P43545	298	21,150,213,234,235
P09440	975	83,84,85,86,87,130,131,132,201,202,203,226,301,302,303,304,305,408,409,410,411,412,413,414,415
P37302	537	314,326,359,387,472
P16521	1044	463,464,465,466,467,468,469,470,701,702,703,704,705,706,707,708
Q12166	604	69,274,276,310
P48360	493	26,48,56,100,177,178,179,180,223,224,235,407,414,415,416
P38836	430	182,183,184,185,240,257,258,310,311,312
P53819	1859	874,875,876,877,878,879,880,881
P53598	329	45,46,47,48,71,124,125,126,189
P32481	527	110,111,112,113,114,115,249,250,251,252,284,285,286
Q04053	625	153,155,179,202
P53729	429	78,79,80,81,82,83,84,85,136,138,139,140,141,142,143,244,245,246,247
P53043	513	249,251,278,310,359,434
P19146	181	25,26,27,28,29,30,31,32,48,70,126,127,128,129,160,161
P32191	649	69,70,71,72,73,74,75,76,77,78,79,80,81,82,83,84,85,86,87,88,89,90,91,92,93,94,95,96,97
P06786	1428	70,99,127,128,129,140,141,142,143,144,145,146,147,365,366,367,449,526,528
P47912	694	269,270,271,272,273,274,275,276,277,278,279,280
P22007	431	258,259,260,261,301,302,303,304,307,309,310,311,312,313,363
P47183	340	115,116,117,118
P26793	382	34,47,71,87,156,158,177,179,229,231
P21951	2222	2108,2111,2130,2133,2164,2167,2179,2181
P38913	306	59,107,164,182,183,184,185,190,300
P22517	447	53,54,55,56,57,58,59,60,61,76
P40012	539	18,19,20,21,22,23,43,44,51,70,71,72,73,300,521,522,523
P25654	182	36,39,70,73
P38623	610	169,170,171,172,173,174,175,176,177,201
P38149	878	520,553,587,853
P38970	855	509,510,511,512,513,514,515,516,517,546
P53166	561	164,165,166,167,168,169,170,171
P32266	881	220,221,222,223,224,225,239,244,317,386,388,415
P16467	563	28,115,157,224,390,413,414,415,444,445,446,471,472,473,474,475,476,477
P32562	705	88,89,90,91,92,93,94,95,96,110
Q04921	423	38,39,40,41,42,43,44,45,124,204,205,206,207,208,209,210,211,212,291
Q05471	1514	721,722,723,724,725,726,727,728
Q08957	416	53,54,55,58,74,75,76,77,78,81,86,88,109,119,120,133,135,157,159
P00815	799	618,621,721,780
P38144	1129	221,222,223,224,225,226,227,228
P04710	309	86,98,243
P32491	506	220,221,222,223,224,225,226,227,228,243
P25578	521	91,92,93,94,95,96,97,98
P53739	893	502,503,504,505,506,507,508,509,510,525
P23180	465	246,248,428
P27614	576	168,205,240,268,547
Q03920	221	50,51,52,53,54,77,122,123,124,125
P43558	301	221
P49367	693	340,407,410
P34760	196	45,46,47,124
Q05549	1077	312,313,314,315,316,317,318,319
Q12362	591	482,515,525
P39518	744	299,300,301,302,303,304,305,306,307,308,309,310
P38071	380	157,185,186,187,188,208,209,210,283,284,285,286,308,309,310,373
P53734	629	234,235,236,237,238,239,240,241
P28519	371	191,194,213,216
P15624	595	348,354,357,358
Q12466	1186	1008,1014,1064,1066,1069,1072
P41909	870	645,646,647,648,649,650,651,652
P39008	433	188,190,310,394
Q00772	484	29,30,31,32,33,34,35,36,37,54
Q06651	286	23,26,39,42,47,50,80,83
P23394	588	221,222,223,224,225,226,227,228
P32457	520	126,127,128,129,130,131,132,133,207,287,288,289,290,291,292,293,294,295,344,360
Q00711	640	59,60,61,62,63,64,82,83,84,85,86,87,88,89,90,91,92,93,94,95,96,97,266,287,299,398,433,444,449,450
P53095	428	203,210,255,286,287,398,400
P53757	342	69,240
Q12438	231	136
Q04500	899	260,261,262,263,264,265,266,267
P38816	342	34,35,36,37,56,57,58,59,60,61,62,63,64,65,66,67,68,77,110,168,311,312,313,314,315,316,317,318,319,320
P53839	350	173,174,252,253,254,278,301,302,303,304
P40986	491	95,144,183,323
P53063	387	172,221,223,241,242,243,267
Q03330	439	177,178,179,184,185,186,187,188,189,190,216,217,218,219
P0CX78	362	89,122,123
P38748	585	301,304,313,316,321,328,332,338
P43565	1770	800,801,802,803,804,805,806,807,808,823
P00330	348	44,45,46,49,67,68,98,101,104,112,154,181,182,183,202,207,222,269,271,294,296,341
P22936	367	83,123,158,192,195,229,242,244,274
P41939	412	75,76,77,82,94,95,96,97,98,99,100,109,132,252,260,275,310,311,312,313,314,315,328
Q02196	202	31,32,33,34,35,36,37,38
P33317	147	69,82,85,88,93,137,142,143
P23595	377	125,127,153,185,235,309
P29468	568	87,88,89,99,100,101,102,154,215,224,233,234
P36019	220	19,20,21,22,23,24,25,26,67,68,69,70,71,125,126,127,128
P38360	1216	421,424,1107,1111
P17423	357	104,105,106,107,108,109,110,111,112,113,114
P51533	1564	959,960,961,962,963,964,965,966
Q12267	1418	185,186,187,188,189,190,191,192
P25374	497	168,169,248,276,296,297,298,336,421
Q04399	608	100,102,145,147,452,455,457,530,531,532,536
P38174	421	174,194,205,274,282,307,402
Q12209	686	320,321,322,323,324,325,326,442,443,444,445,446,447,448,449,450
P43123	477	109,110,111,112,123,194,221,222,252,377,409
P32599	642	29,31,35,66,68,70,75
P47116	818	261,262,263,264,265,266,267,268,269,285
P54838	584	51,52,53,54,103,108,415,416,417,418,459,460,514,515,567,568,569
P23291	538	75,76,77,78,79,80,81,82,83,98
P33751	242	63,64,65,89,140,141,142,143,175,205,221
Q08347	646	162,164,166,167,273,292,337
P38986	381	110,141,142
P06197	220	56,59,60,64,70,77,81
Q06178	401	173,174,181,253,288,290,301,320,351,356,357,358,359
P53204	395	167,168,175,209,247,282,284,295,314,345,350,351,352,353
P28743	706	202,203,204,205,206,207,208,209
P40479	209	111
P36152	348	252,263,266,268,311,314,322,325
Q07938	337	41,88,89,121,122,230,231,254,255,256
P38793	499	268,307,308,335,336,399
P53824	298	21,150,213,234,235
P36421	394	43,170,174,177,192
P01123	206	17,18,19,20,21,22,23,33,34,35,36,37,38,39,40,66,121,122,123,124,152,153
Q12425	185	89,175,177
P07277	443	12,138,143,144,145,146,147,148,149,191
P24521	451	150,151,152,153,154,155,156,157,158,159,160
P32419	343	8,9,10,11,12,13,14,34,80,86,93,116,117,118,152,237
Q12389	995	181,182,183,184,185,186,187,188
P21264	571	138,139,140,141,142,143,144,145,146,147,148,149,150,151,152,153,154,155,156,157,158,159,160,161,162,163,164,165,166,167,168,169,170,171,172,173,174,175,176,177,178,179,180,181,182,183,184,185,186,187,188,189,190,191,192,193
P13259	424	111,112,113,114,115,116,117,118,119,149,178,195,196,200,223,224,225,226,227
P00447	233	52,107,194,198
Q12480	344	284,285,286,287,288,289,290,291,292,293,294,295,296,297,298,299,300,301,302,303,304,305,306,307,308,309,310,311,312
P12753	1312	13,36,37,39,40,41,42,65,67,158,687,690
P47096	177	45,49,55,97,101,111,126,129,163,166
P38755	437	64,65,66,67,68,69,126,127,128,129,157,158,183,351,355,359
P53010	1115	660,662,713,716,910,912,1020,1071
P38806	282	225,227,238,243,249,252,265,268
P40107	337	279,280,281,282,283,284,285,286,287,288,289,290,291
P27515	501	63,64,65,66,67,68,69,70
P22082	1703	792,793,794,795,796,797,798,799
Q06817	618	187,219,220,221,230,231,238,347,348,466,467,468,473
Q06596	294	132,137,274
P53128	600	22,23,24,25,26,27,54,55,84,114,115,116,133,134,156,171,178,189,282
P10507	462	70,74,150
P36004	724	418,419,420,421,422,423,424,425,426,455
P53972	490	250,251,252,253,254,255,256,280,308,327
P35999	772	558,562,587
P39677	819	48,49,50,51,52,53,54,55,113,114,115,116,117,165,166,167,168
P32521	1480	646,648,650,652,657
P17649	471	135,136,192,351
P40032	644	159,161,173,227,238
Q03835	250	176
P80210	433	11,12,13,14,15,16,17,37,38,39,40,41,134,148,230,245,305,306,307,308,309,310,311,337,338,339,419,420,421
P36009	735	104,105,106,107,108,109,110,111
P10823	449	130,131,132,133,134,135,136,137,270,271,272,273,274,275,276,296,297,298,299,300,365,366,367,368,420
P43637	560	56,57,58,59,60,61,62,63,64,79
P48561	642	233,235,298,323,428,432
P50873	501	170,171,172,173,174,175,176,177,178,193
P00572	216	12,13,14,15,16,17,18,19
P39110	191	23,24,25,26,27,28,29,30,69,70,71,72,73,131,132,133,134
P32584	239	159,160,161,162,167,172,173,174,175,209,213
P40051	511	327,338,417,444,467
P38169	460	13,32,33,34,53,83,97,109,133,195,314,325,326,327,328,373,408
P07342	687	139,241,355,356,357,358,359,360,361,362,363,364,365,366,367,368,369,370,371,372,373,374,375,376,407,408,409,410,411,412,413,414,415,416,417,418,419,420,421,422,423,424,425,426,550,577,579
P33297	434	222,223,224,225,226,227,228,229
O13559	1382	396,397,398,399,400,401,402,403
P32559	526	281,282,283,284,285,286,287,288,328,329,330,331,332,394,395,396,397
Q04433	528	488,489,490,491,492,493,494,495
P40024	610	114,115,116,117,118,119,120,121,428,429,430,431,432,433,434,435
P36775	1133	632,633,634,635,636,637,638,639
P38615	370	45,46,47,48,49,50,51,52,53,68
P30656	287	124
P40047	520	266,267,268,269,270,271
Q08387	944	280,282,287,340,382,442,447,464,466
P52910	683	206,207,208,209,325,401,402,403,425,426,427,428,429,430,516,531,539,542,612
P18238	307	85,97,241
P40081	178	11,12,13,74,75,141
P27882	189	88,89,90,91,92,93,94,95,99,128,159,160,161,162,163,164,165,166,167,168,169,170,171,182,183
Q06580	163	28,30,32,39
Q07551	312	25,26,27,59,157,179,208,210,257,258,259,260,261,264
Q08193	484	89,159,160,201,206,295
Q08651	330	28,97,124,202,206,233,237
P53327	1967	310,311,312,313,314,315,316,317,1162,1163,1164,1165,1166,1167,1168,1169
P33734	552	83,332,469
Q08961	583	273
Q07748	340	115,116,117,118
P40462	946	293,294,295,296,297,330,334,353
P10963	549	250,251,252,253,254,255,256,257
P00358	332	11,12,33,120,149,150,151,180,209,210,232,314,318
Q06163	884	530,670,671
P0CX10	437	160,169,247,296,321,373,374,375,376,397
P53065	400	101,108,157,223,226,232,369,375
P17709	500	110,487,488,489,490,491,492
Q07923	191	11,94,95,96,97,124
P38720	489	9,10,11,12,13,14,32,33,34,74,75,76,102,128,129,130,185,186,190,259,286,446,452
P32616	141	15,16,17,18,19,20,21,22
P32945	549	301,303,329,361,410,485
P34756	2278	246,249,262,265,270,273,291,294
Q03497	939	626,627,628,629,630,631,632,633,634,649
P33311	773	481,482,483,484,485,486,487,488
Q07986	203	192,193,194,195,196,197,198,199
Q08217	1101	847,848,849,850,851,852,853,854,855,870
P50107	326	25,29,89,93,113,117,147,148,163
P21576	704	36,37,38,39,40,41,42,43,178,179,180,181,182,247,248,249,250
P32461	534	107,128,362
P47163	339	137,174,175,176,199,233,248
P53974	638	28,29,30,31,32,33,34,35,36,56
P26263	563	28,115,390,413,414,415,444,445,446,471,472,473,474,475,476,477
P20449	482	138,139,140,141,142,143,144,145
P19812	1950	118,123,136,139,148,151,157,160,161,175,177,189,952,1220,1223,1295,1297,1300,1303,1320,1323,1703,1706,1722,1727,1763,1775
P15807	274	23,24,43,44,45,93
P53186	121	77,78,79,80,81,82,83,84
P32796	670	461,465,466,467,468,469,470,471,472,494,498,507,597
Q04344	158	51,52,103,109,110,111,116,117,118
P38990	1142	139,140,141,142,143,144,145,146,147,162
P04806	485	86,87,88,89,90,91,111,158,175,176,210,211,237,269,302,307,308,344,345,346,347,348,419,420,421,422,423
P36002	662	202,203,204,205,206,207,208,209,210,226
P23287	553	119,121,147,179,228,317
Q08641	628	399,403,441,466,492,493,515
Q00416	2231	1339,1360,1361,1362,1363,1364,1619,1655,1787
Q12068	342	7,8,9,10,11,12,32,36,57,58,165,169,199,216
P04051	1460	67,70,77,80,107,110,154,511,513,515
P0CE41	1502	64,67,74,81,84,93
P32582	507	84,196,197,198,199,200,289
P25301	460	125,126,127,128,129,130,131,132
P14743	455	38,39,40,41
P09734	445	11,72,141,145,146,180,207,229
P53123	320	83,84,85,86,104,178,179,203
P40034	492	302,305,307,322,377
P06776	526	269,302,303,400
P29056	596	4,7,25,28
Q03151	367	89,90,91,92,160,161,162,163,164,165,224
Q04212	335	124,221,222,223,224,225,226,227,228,229,230,231,232,233,234,235,236,237,238,239,240,241,242,243,244,245,246,247,248,249,250,251,252,253,254,255,256,257,258,259,260,261,262,263,264,265,266,267,268,269,270,271,272,273,274,275,276,277,278,279,280,281,282,283,284,285,286,287
P38795	714	359,360,361,362,363,364,365,366
P27697	501	198,216,303,304,305,306,351,365
Q12196	484	125,198,249,261
Q03655	524	96,168,169,212,217,315
P08678	2026	1673,1716
Q99260	215	17,18,19,20,21,22,23,24,65,66,67,68,69,124,125,126,127
P02557	457	11,69,138,142,143,144,204,226
P32316	526	277,278,279,280,281,392,396
P40318	1319	39,42,56,58,66,69,90,93
P06208	619	70,275,277,311
P32375	460	70,72,157,193,250,323
P07271	859	258,259,260,261,262,263,264,265
Q05776	175	26,58,148,152
P39533	789	96,189,190,191,385,448,451,476,481,610,672,673
Q00764	495	102,156,293,298,331,370,392,393,394,395,396,397,398,399,400
Q03161	297	57,81,86,203
P43588	306	109,111,122
P31244	790	210,211,212,213,214,215,216,217
P05453	685	267,268,269,270,271,272,273,274,406,407,408,409,449,450
Q04751	285	116,163,164,165,185,187,188,189,195,196,197,198,199,200,228,233
P32383	869	282,284,286,293,518,520,614,643
P40484	314	179,184,261,266
P14680	807	375,376,377,378,379,380,381,382,383,398
P25847	964	688,689,690,691,692,693,694,695
P32906	549	525
P06780	209	17,18,19,20,21,22,23,24,64,65,66,67,68,122,123,124,125
P04386	881	11,14,21,28,31,38
P40328	754	511,512,513,514,515,516,517,518
P20051	364	14,16,98,137,180,258
P39013	349	53,55,57,59,64
P18900	473	84,87,186,193,197,202,203,323,324,361,378
P32345	308	51,53,79,111,161,235
P08432	466	247,286,318,319,320,321,362,363,412,441
P47008	294	128,148,173,175,209
P00958	751	411
P38763	256	29,30,31,32,33,34,35,36
P38009	592	35,36,37,38,65,66,67,68,102,103,126,127,206,207,267,315,338,430,450,451,541,546,565,566,588
P15274	810	362,364,433,434,435,436,437,438,630,633,707,708,709,710,711
P00549	500	49,51,52,53,54,84,85,91,177,240,242,265,266,298,402,403,404,405,406,407,452,459,484
P38690	423	51,138,150,170,171,214,215,216,217,218,219,220
P53944	314	118,119,120,121,122,141,188,189,190,191
P13185	1064	126,127,128,129,130,131,132,133,134,149
Q12055	197	17,19,20,21,22,114
Q12287	69	23,24
P53982	420	75,76,77,82,94,95,96,97,98,99,100,109,132,252,260,275,310,311,312,313,314,315,328
Q12093	417	32,33,34,35,36,37,38,39,58,154
P32579	426	72,95,99,104,170,174,194,196,204,234,248,292
Q12222	375	47,48,49,50,51,52,53,54,55,74
Q08465	219	158,160,171,176,182,185,198,202
P53170	491	300,301,302,303,304,305,306,307,341,359,360,383,384,385,386,387,388,389,390,391,392,393,394,395,396,397,398,399,400,401,402,403,404,405,406,407,408,409,410,411,412,413,414,415,416,417,418,419,420,421,422,423,424,425,426,427,428,429,430,431,432,433,434,435,436,437,438,439,440,441,442,443,444,445,446
P13188	809	259,260,261,265,266,267,268,269,270,271,291,440,459,488,489,496,497,498
Q01976	231	46,64,65,69,103,115,117,131,135,152,185
P15436	1097	1009,1012,1024,1027,1056,1059,1069,1074
P23337	708	20
P32626	227	11,13,118,119,161,186
P38820	440	77,98,105,106,107,108,109,122,166,167,208,211,286,289
P38773	246	83,92,146,147,148,149,183
Q12674	1656	566,567,568,765,813,815,818,838,1034,1035,1114,1115,1116,1167,1168,1169,1170,1171,1172,1173,1174,1202,1208,1229,1232,1233
P38888	796	495
Q08282	695	38,88,115,146,147,196,197,224
P0CX20	1796	810,811,812,813,814,815,816,817
P32916	621	404,405,406,407,408,409,410,411,510,511,512,513,514,572,573,574,575
P07251	545	206,207,208,209,210,211,212,213
P38710	295	73,92,94,95,96,97,231
P21801	266	87,92,95,107,179,182,185,189,194,236,242,246
Q03306	898	17,18,19,20,21,22,23,24,25,41
Q05584	274	59,61,63,64,121,144,153,188,189,190,268,269,270,271
P22139	70	7,10,45,46
P40494	810	28,29,30,31,32,33,34,35,36,56
P32451	375	99,103,106,143,176,236,314
P14908	341	23,77,101,137
P34218	831	419,420,421,426,427,428,429,430,431,432,456
P25389	1037	27,28,29,30,31,32,33,34,35,50
P52920	328	27,41,44,50,80,81,82,83,84,85,86,87,253,256
P38625	525	231,232,233,234,235,236,237,304,462,517,523
Q03049	344	38,167
Q07845	632	246,247,248,249,250,251,252,253
P00044	109	20,23,24,86
Q06005	328	162,163,164,165,166,167,168,169,241,242,243,254,255,256
P23202	354	124,151,164,165,180,181
P25342	322	39,40,41,42,43,44,45,46,74,100,180,181,182,183,184,185,186,187,188,236,251
P31116	359	13,15,16,41,60,93,94,117,143,146,148,150,205,208,219,340
P25694	835	257,258,259,260,261,262,263,358,394,531,532,533,534,535,536
Q03786	193	18,19,20,21,22,23,24,25
P36041	632	440,441,442,443,444,445,446,447
P38628	557	67,298,300,302,395,396,397,522,523,524,525,526,531
Q04307	110	5,8,26,29,69,75,100,103
Q02804	198	24,25,26,27,28,29,30,31,74,75,76,77,78,133,134,135,136
P05066	565	326,338,339,340,341,342,482,483,484,514
P47120	325	79,80,112,113,237,238,270,271
P38431	405	27,28,29,30,31,32,33,34
P39961	794	18,21,28,34,37,44
P07170	222	16,17,18,19,20,21,37,42,63,64,65,92,93,94,95,99,134,143,144,167,178,206
P22276	1149	1095,1098,1107,1110
P18562	216	32,41,75,76,77,78,85,102,110,131,137,138,139,140,141,142,143,144,145,201,202,207,208,209
P06245	380	76,77,78,79,80,81,82,83,84,99
P05150	338	67,68,69,70,118,145,148,185,249,253,254,289,290,316
P47016	307	173,199
Q12400	293	186,187,206,210,211,212,213,214,218,232,244,245,246
P43550	591	58,59,60,61,109,114,413,414,415,416,459,460,511,512,572,573,574
Q01896	1091	369,371,483,561,606,673,674,675,732,738,757,760
P19657	947	663,667
Q08224	551	64
P00925	437	247,296,321
P09436	1072	605
P38074	348	33,42,66,88,117
Q04299	284	23,55,80,90,148,195
P47075	721	200,264,266,281,294,359,361,426
P27466	446	43,44,45,46,47,48,49,50,51,66
Q01574	713	248,249,250,251,367,443,444,445,467,468,469,470,471,472,559,574,582,585,650
Q06349	442	101,255,293,295,306,307,308,330
Q12367	367	110,170,171,172,192,256,288
P28708	518	198,199,200,201,202,203,204,205,206,225
P00401	534	39,42,44,62,241,245,290,291,368,369,376,378,441
P34216	1381	180,182,184,191
Q99220	542	125,137,194,200,223,229
P32356	751	114,116,118,120,125,302,309,310,346,355,356,357,424,473,476
Q99288	334	38,44,45,108,168,169,170,171,195,196,197,198,199,200,201,202,203,204,205
Q03305	412	196,226,250,251,252,253,254,255,271,272,273,298,299,319
P41901	512	116,117,118,119,120,121,122,123,168,247,248,249,250,251,252,253,254,255,315
P51979	1187	161,162,163,164,165,166,167,168
P38713	996	657,658,659,660,717,745,746,945,946,947,948,949
P38840	513	102,143,144,232,263,314,315,316,324,481
Q06702	301	115,116,162,166,203
P22855	1083	298,300,411,626
P06169	563	28,115,157,224,390,413,414,415,444,445,446,471,472,473,474,475,476,477
Q03785	461	18,19,20,21,22,23,24,25,26,41
P22216	821	204,205,206,207,208,209,210,211,212,227
P53934	400	108,111,146,167,235,278,286,309,385
P28320	278	51,54,88,91
P39962	524	20,21,22,23,24,25,26,27,28,60
P30665	933	568,569,570,571,572,573,574,575
Q07825	749	551,562,660,674
P38626	284	122,123,124,125,126,127,128,129,130,131,132,133,134,135,136,137,148,149,150,151,152,153,154,155,156,157,158,159,160,161,162,163,164,165,166,167,168,169,170,171,172,173,174,175,176,177,178,179,180
P41277	250	18,20,179
P08067	215	159,161,178,181
P52923	378	12,13,14,15,16,51,56,283
P48527	492	89,93,133,239,243,246,265,306
P12688	680	353,354,355,356,357,358,359,360,361,376
P53319	492	12,13,14,15,16,17,35,36,37,77,78,79,105,131,132,133,188,189,193,262,289,449,455
P29496	775	416,417,418,419,420,421,422,423
P25341	720	330,331,332,333,334,335,336,337,338,353
P31115	442	222
P13382	1468	1287,1290,1314,1317,1348,1353,1367,1372
P22768	420	9,10,11,12,13,14,15,16,17,35,86,91,114,115,116,117,118,119,120,121,122,123,126,179,188,273,285
P53100	379	207,208,291,292,293,317,341,342,343,344
P40017	923	529,530,531,532,533,534,535,536,537,538,539,540,541,567,576
P42938	290	38,39,40,41,42,43,44,45
P80235	687	446,447,448,449,450,451,452,453,454,455,456,457,458,459,481,494
P21954	428	91,92,93,98,110,111,112,113,114,115,116,125,148,269,277,292,327,328,329,330,331,332,345
P41911	440	90,91,92,93,94,95,122,178,201,234,359,360,388
P04385	528	53,59,60,62,165,167,169,170,213,217,264,265,266,274
P24004	1043	461,462,463,464,465,466,467,468,738,739,740,741,742,743,744,745
P32656	232	10,11,12,13,14,15
P40151	587	14,17,29,33,177,178,179,180,181,182,183,184,185
P27999	122	7,10,29,32,75,78,103,106
P32325	704	661,664,674,680
P40422	70	31,34,48,51
P39073	555	81,82,83,84,85,86,87,88,89,183
P08431	366	54,57,63,79,80,124,169,180,184,198,297,314,316,329,330,331,332,334,335
P40348	353	28,32,65,66,67,68,69,70,71,72,73,171,229
P40965	878	634,635,636,637,638,639,640,641
Q03162	620	530,533,551,555
Q08234	1294	62,63,64,65,66,67,68,69,727,728,729,730,731,732,733,734
P32908	1225	33,34,35,36,37,38,39,40
P22149	690	110,111,115,131,132,133,134,135,138,143,215,226,239,241,263
Q12473	712	323,337,393,407,493,494,495,496,497,498,499,538,539,540,541,678,679
P49166	88	19,22,34,37
P32328	564	175,176,177,178,179,180,181,182,183,198
P39714	382	39,73,103,120,123,131,173
P40345	661	162,325
P40487	425	133,239,368
P07284	462	246,247,248,279,280,281,295,302,366,367,368,369,404
Q12100	620	308,309,310,311,312,313,314,315,316,330
P53742	486	322,323,324,325,326,327,328,329,366,367,368,369,370
Q03529	384	45,72,244,249,268,271,272,326,330,345,348,349
P53981	241	9,11,179
P38636	73	15,18
P32898	989	84,88,185,972,973,974,975,976,977,978,979
P25332	333	10,11,12,38,39,40,41,42,149,193,248,249,250,251,252,253,277,279,282,283,313,316,318,322
P03962	267	37,59,60,61,91,92,93,94,95,96,97,98,99,100,217,235
P46973	164	8,11,28,32
P08019	549	198
Q03034	503	170,171,172,173,174,175,192,193,236,394
P38132	845	423,463,465,466,467,568,593,687
P48559	417	97,98,99,100,101,102,103,104,228,229,230,231,232,292,293,294,295
Q12525	324	238,305,306
P40579	254	7,85,150,154,181,183
Q12284	196	78,83,86,127,150,153,157,162,174
P30402	227	41,42,79,80,109,110,113,115,135,136,137,138,139,140,141,142,143,167
P13186	1147	105,106,107,108,109,110,111,112,113,128
P32895	427	128,130,143
P32529	125	10,13,30,33,86,89,114,117
P32581	645	44,45,46,47,48,49,50,51,52,67
P32800	271	222,225,237,238,243,246,256,259
P20447	523	156,157,158,159,160,161,162,163
P40054	469	208,209,228,285,286,287,311,347,348,349,350
P31384	837	556
P20424	541	116,117,118,119,120,121,122,123,198,199,200,201,202,256,257,258,259
P32863	898	335,336,337,338,339,340,341,342
Q12008	311	16,17,18,19,20,21,22,23,29,30,73,126,127,128,129,137,153,154,243,244
P40527	1151	503,504,505,597,640,642,645,664,693,694,774,775,776,856,862,882,885,886
P00830	511	190,191,192,193,194,195,196,197
Q08972	1196	604,605,606,607,608,609,610,611,846,847,848,849,850,851,852,853
P41819	318	37,39,64,85,113,128
Q04195	904	377,379,400,403
P08539	472	48,49,50,51,52,53,54,55,294,295,296,297,298,299,300,319,320,321,322,323,388,389,390,391,444
Q08911	376	97,121,176,177,197,244,245,246,247,248,270,296,325,326,327,328
P32795	747	321,322,323,324,325,326,327,328,540,544,618
P46943	645	53,54,55,56,57,58,59,60,120,121,122,123,124,174,175,176,177
P38993	636	81,83,126,128,413,416,418,483,484,485,489
P36001	430	37,38,39,40,132,300
P53914	1056	286,287,288,289,290,291,292,293,294,295,475,638,639,640,645,646,647,648,649,650,651,739
Q02207	900	14,53,100,133,165,169,689,690,719,803,805,826,851,852
Q04894	360	46,47,51,68,100,103,106,114,163,188,190,191,210,211,215,250,252,255,256,275,277,298,299,301,348
P39729	369	72,73,74,75,76,77,78,79,118,119,120,121,122,250,251,252,253
Q03656	742	164,165,166,167,168,169,170,171,172,187
P38860	518	346,347,348,349,350,351,352,353,394,395,396,397,398,460,461,462,463
P07272	904	34,37,44,51,54,61
P40471	297	21,64,93,126,157,161,190,192
P41921	483	30,31,32,33,34,35,36,37,38,39,40,41,42,43,44,45,46,47,48,49,50,51,52,53,54,55,56,57,58,59,60,61,62,63,64,65,66,67,68,69,70,71,72,73,74,138,139,207,239,243,334,341,342,405,425,472
P47058	250	54,88,91
P12866	1290	392,393,394,395,396,397,398,399,1087,1088,1089,1090,1091,1092,1093,1094
P15108	705	37,79,98,124,376
P53889	259	87,89,121
P10127	382	40,72,99,100,139,140,148,150,161,183,195,199,264,268,278
P32318	326	76,97,98,105,170,207,237,291,301,302,303
P0CZ17	362	89,122,123
P35731	278	13,14,16,36,40,44,66,67,77,122,125,126,198,202,230,231
P38286	347	120,147,223,227,256,258
Q12691	1091	369,371,483,561,606,673,674,675,732,738,757,760
P33302	1511	905,906,907,908,909,910,911,912
P29055	345	24,27,45,48
Q08204	1093	69,70,71,72,73,74,75,76
Q12505	502	16,17,18,19,20,21,22,23,24,39
P07143	309	101,104,105,225
P38112	773	215,216,217,218,219,220,221,222
P32785	401	18,19,20,66,67,68,69,70
P06633	220	14,64,65,66,67,68,69,70,71,72,90,91,92,93,94,116,138,162,186,187,188,189,190,191,192,193,194,214,215,216
P11076	181	25,26,27,28,29,30,31,32,48,70,126,127,128,129,160,161
P53909	347	16,18,204,285,286
P25371	1049	423,424,425,426,427,428,429,430
P08524	352	52,55,93,100,104,109,110,197,198,237,254,263
P50094	524	279,280,281,329,330,331,333,334,336,369,370,371,392,393,416,417,418,419,420,450,509,510,511
Q02892	647	174,175,176,177,178,179,180,181,220,221,222,223,224,288,289,290,291
P39994	560	49,446,473
P53153	274	156
P20457	528	336,417,434,474
Q06287	252	180,207,212,213,214,227,228,229,230,231,232
P07884	428	21,22,23,24,25,26,27,28,375,378,397,403
Q08214	380	319,326,329,335
P33312	244	79,83,159,182,183,184,185,186
P53852	767	63,369,394,398,430
Q92331	675	320,346,360
P53899	274	18,21,31,34,39,42,48,50
P49435	187	133,134,135,136,137
P53008	833	42,122,143
Q02961	396	227,228,311,312,313,337,361,362,363,364
Q04772	201	158,182
P32462	438	335,339,358,363,370,371,410,414,415,416,417,418,425
P54199	764	446,447,448,449,450,451,452,453,454,468
P07262	454	174,175,176,177,178,179,180,181,182,183,184,185,186,187,188,189,190,191,192,193,194,195,196,197,198,199,200,201,202,203
P00431	361	242
P33416	811	143,144,145,146,147,148,149,150,541,542,543,544,545,546,547,548
P53894	756	358,359,360,361,362,363,364,365,366,381
P39567	403	278,279,280,328,329,330,332,333,335,368,369,370
